entropy = 6.709900
coverage = 0.800000
